0 0.053060 0.700810 0.106120 0.045139
0 0.053060 0.741898 0.106120 0.037037
2 0.053060 0.895255 0.106120 0.040509
1 0.137695 0.700810 0.063151 0.045139
1 0.205404 0.355324 0.072266 0.104167
0 0.262044 0.957755 0.185547 0.084491
1 0.380859 0.056713 0.052083 0.113426
1 0.438802 0.056713 0.063802 0.113426
1 0.497721 0.056713 0.054036 0.113426
0 0.685872 0.056713 0.070964 0.113426
0 0.685872 0.142940 0.070964 0.059028
0 0.769531 0.166088 0.096354 0.105324
1 0.908854 0.142940 0.182292 0.059028
1 0.961263 0.237847 0.077474 0.130787
