2 0.052734 0.436921 0.105469 0.075231
1 0.052734 0.828704 0.105469 0.092593
0 0.052734 0.937500 0.105469 0.125000
1 0.160482 0.436921 0.110026 0.075231
1 0.483398 0.937500 0.120443 0.125000
2 0.669596 0.035301 0.093099 0.070602
1 0.848307 0.035301 0.083333 0.070602
1 0.848307 0.129051 0.083333 0.116898
1 0.903320 0.228009 0.193359 0.081019
0 0.944987 0.159144 0.110026 0.056713
0 0.944987 0.299190 0.110026 0.061343
2 0.944987 0.364583 0.110026 0.069444
0 0.944987 0.532986 0.110026 0.116898
2 0.944987 0.669560 0.110026 0.082176
