0 0.028320 0.152778 0.056641 0.060185
1 0.028320 0.541088 0.056641 0.070602
1 0.119792 0.958912 0.126302 0.082176
0 0.353190 0.958912 0.099609 0.082176
2 0.723958 0.017940 0.078125 0.035880
0 0.804688 0.958912 0.083333 0.082176
1 0.923177 0.017940 0.153646 0.035880
1 0.923177 0.152778 0.153646 0.060185
2 0.923177 0.204861 0.153646 0.043981
0 0.923177 0.247106 0.153646 0.040509
0 0.923177 0.631944 0.153646 0.111111
0 0.923177 0.709491 0.153646 0.043981
0 0.923177 0.773148 0.153646 0.083333
0 0.923177 0.958912 0.153646 0.082176
