0 0.059570 0.074653 0.119141 0.063657
2 0.059570 0.296296 0.119141 0.120370
1 0.059570 0.457755 0.119141 0.052083
0 0.059570 0.599537 0.119141 0.039352
1 0.160807 0.420139 0.083333 0.127315
0 0.265299 0.021412 0.125651 0.042824
0 0.223633 0.074653 0.208984 0.063657
1 0.364583 0.053241 0.072917 0.106481
0 0.364583 0.956019 0.072917 0.087963
2 0.428060 0.021412 0.054036 0.042824
1 0.660482 0.956019 0.107422 0.087963
0 0.912435 0.531829 0.175130 0.096065
1 0.912435 0.811921 0.175130 0.065972
0 0.912435 0.878472 0.175130 0.067130
