1 0.041341 0.446759 0.082682 0.111111
1 0.041341 0.949653 0.082682 0.100694
0 0.129883 0.398148 0.094401 0.208333
0 0.216146 0.057292 0.078125 0.114583
1 0.260742 0.156250 0.167318 0.083333
2 0.168945 0.949653 0.172526 0.100694
0 0.633138 0.057292 0.179036 0.114583
0 0.590169 0.949653 0.093099 0.100694
0 0.769531 0.057292 0.093750 0.114583
1 0.805013 0.156250 0.164714 0.083333
1 0.851888 0.057292 0.070964 0.114583
1 0.943685 0.057292 0.112630 0.114583
2 0.943685 0.446759 0.112630 0.111111
0 0.943685 0.641782 0.112630 0.049769
