0 0.028320 0.343750 0.056641 0.074074
0 0.028320 0.400463 0.056641 0.039352
0 0.028320 0.717014 0.056641 0.093750
0 0.028320 0.839699 0.056641 0.056713
0 0.028320 0.889468 0.056641 0.042824
0 0.061523 0.041088 0.123047 0.082176
1 0.089844 0.889468 0.066406 0.042824
2 0.172526 0.934028 0.098958 0.131944
1 0.278971 0.041088 0.113932 0.082176
1 0.556966 0.041088 0.188151 0.082176
2 0.617188 0.112847 0.067708 0.061343
1 0.682943 0.955440 0.063802 0.089120
2 0.836914 0.955440 0.094401 0.089120
0 0.942057 0.343750 0.115885 0.074074
1 0.942057 0.443287 0.115885 0.046296
0 0.942057 0.787616 0.115885 0.047454
1 0.942057 0.839699 0.115885 0.056713
