0 0.062500 0.027778 0.125000 0.055556
1 0.062500 0.090278 0.125000 0.069444
1 0.062500 0.402778 0.125000 0.106481
0 0.062500 0.652199 0.125000 0.086806
0 0.062500 0.846644 0.125000 0.047454
1 0.062500 0.961806 0.125000 0.076389
0 0.186523 0.402778 0.123047 0.106481
1 0.186523 0.935185 0.123047 0.129630
0 0.292969 0.402778 0.089844 0.106481
0 0.430013 0.961806 0.184245 0.076389
0 0.685547 0.935185 0.080729 0.129630
1 0.929362 0.173032 0.141276 0.096065
2 0.929362 0.251157 0.141276 0.060185
1 0.929362 0.402778 0.141276 0.106481
