0 0.031901 0.184028 0.063802 0.076389
0 0.031901 0.510417 0.063802 0.090278
2 0.031901 0.605903 0.063802 0.100694
0 0.031901 0.905671 0.063802 0.188657
0 0.116211 0.510417 0.104818 0.090278
0 0.116211 0.961806 0.104818 0.076389
2 0.213216 0.961806 0.089193 0.076389
0 0.458984 0.961806 0.169271 0.076389
0 0.604818 0.961806 0.122396 0.076389
1 0.709635 0.052662 0.087240 0.105324
1 0.813151 0.052662 0.119792 0.105324
2 0.936523 0.052662 0.126953 0.105324
2 0.876628 0.184028 0.246745 0.076389
2 0.936523 0.265046 0.126953 0.085648
0 0.936523 0.355324 0.126953 0.094907
1 0.936523 0.701389 0.126953 0.090278
