1 0.056966 0.255787 0.113932 0.097222
2 0.056966 0.420139 0.113932 0.060185
0 0.056966 0.568287 0.113932 0.085648
1 0.056966 0.742477 0.113932 0.049769
1 0.056966 0.912616 0.113932 0.174769
1 0.146159 0.255787 0.064453 0.097222
0 0.234701 0.912616 0.112630 0.174769
0 0.336263 0.912616 0.090495 0.174769
2 0.828125 0.883681 0.095052 0.232639
1 0.937826 0.051505 0.124349 0.103009
0 0.937826 0.155093 0.124349 0.104167
0 0.937826 0.370949 0.124349 0.038194
0 0.937826 0.487847 0.124349 0.075231
2 0.937826 0.796296 0.124349 0.057870
