0 0.042643 0.219329 0.085286 0.100694
1 0.042643 0.405093 0.085286 0.064815
0 0.042643 0.899884 0.085286 0.065972
0 0.127930 0.405093 0.085286 0.064815
0 0.370768 0.035880 0.128255 0.071759
1 0.370768 0.096065 0.128255 0.048611
2 0.423503 0.144676 0.233724 0.048611
0 0.370768 0.966435 0.128255 0.067130
1 0.487630 0.096065 0.105469 0.048611
1 0.487630 0.848958 0.105469 0.035880
1 0.602214 0.035880 0.123698 0.071759
1 0.602214 0.096065 0.123698 0.048611
0 0.763997 0.035880 0.093099 0.071759
1 0.815430 0.096065 0.195964 0.048611
2 0.956706 0.035880 0.086589 0.071759
2 0.956706 0.144676 0.086589 0.048611
1 0.956706 0.321181 0.086589 0.103009
0 0.956706 0.573495 0.086589 0.093750
