2 0.059245 0.482639 0.118490 0.081019
2 0.059245 0.782407 0.118490 0.041667
1 0.085612 0.057292 0.171224 0.114583
0 0.144857 0.145255 0.052734 0.061343
0 0.144857 0.955440 0.052734 0.089120
1 0.198893 0.057292 0.055339 0.114583
1 0.312174 0.057292 0.171224 0.114583
0 0.357747 0.955440 0.080078 0.089120
1 0.637044 0.057292 0.113932 0.114583
0 0.732096 0.057292 0.076172 0.114583
1 0.817708 0.057292 0.095052 0.114583
2 0.932617 0.232060 0.134766 0.112269
0 0.932617 0.574653 0.134766 0.103009
0 0.932617 0.668403 0.134766 0.084491
