1 0.037760 0.030671 0.075521 0.061343
1 0.037760 0.186921 0.075521 0.049769
2 0.037760 0.238426 0.075521 0.053241
0 0.037760 0.582176 0.075521 0.046296
1 0.037760 0.633681 0.075521 0.056713
0 0.037760 0.860532 0.075521 0.084491
1 0.037760 0.951389 0.075521 0.097222
1 0.135417 0.186921 0.119792 0.049769
0 0.251302 0.030671 0.111979 0.061343
0 0.496745 0.951389 0.074219 0.097222
1 0.640951 0.030671 0.214193 0.061343
2 0.909180 0.186921 0.181641 0.049769
2 0.955078 0.238426 0.089844 0.053241
0 0.955078 0.322338 0.089844 0.114583
1 0.955078 0.633681 0.089844 0.056713
