2 0.056315 0.290509 0.112630 0.039352
2 0.056315 0.517361 0.112630 0.090278
0 0.056315 0.609954 0.112630 0.094907
0 0.056315 0.945602 0.112630 0.108796
2 0.139323 0.609954 0.053385 0.094907
0 0.139323 0.680556 0.053385 0.046296
0 0.204753 0.042245 0.077474 0.084491
1 0.204753 0.609954 0.077474 0.094907
1 0.493164 0.042245 0.128255 0.084491
0 0.493164 0.945602 0.128255 0.108796
0 0.613281 0.042245 0.111979 0.084491
0 0.794922 0.042245 0.070312 0.084491
0 0.915039 0.131944 0.169922 0.094907
0 0.915039 0.290509 0.169922 0.039352
1 0.915039 0.837963 0.169922 0.106481
