1 0.039062 0.054977 0.078125 0.109954
0 0.039062 0.156250 0.078125 0.092593
1 0.039062 0.544560 0.078125 0.075231
0 0.039062 0.764468 0.078125 0.049769
0 0.133138 0.764468 0.110026 0.049769
0 0.231771 0.948495 0.087240 0.103009
1 0.412435 0.054977 0.099609 0.109954
0 0.523763 0.948495 0.123047 0.103009
0 0.615560 0.948495 0.060547 0.103009
1 0.825521 0.948495 0.108073 0.103009
1 0.939779 0.156250 0.120443 0.092593
1 0.939779 0.487847 0.120443 0.038194
2 0.939779 0.660301 0.120443 0.054398
1 0.939779 0.764468 0.120443 0.049769
